 day | sum 
-----+-----
   1 | 590
   2 | 585
   3 | 425
   4 | 380
   5 | 405
   6 | 315
   7 | 330
   8 | 570
   9 | 545
  10 | 465
  11 | 390
  12 | 390
  13 | 315
  14 | 315
  15 | 660
  16 | 570
  17 | 435
  18 | 375
  19 | 410
  20 | 335
  21 | 315
  22 | 555
  23 | 555
  24 | 450
  25 | 370
  26 | 390
  27 | 315
  28 | 375
  29 | 545
  30 | 630
  31 | 480
  32 | 375
  33 | 365
  34 | 330
  35 | 320
  36 | 570
  37 | 605
  38 | 455
  39 | 380
  40 | 380
  41 | 305
  42 | 330
  43 | 615
  44 | 560
  45 | 430
  46 | 400
  47 | 380
  48 | 315
  49 | 330
  50 | 585
  51 | 570
(51 rows)

